"","studyid","obsid","lnwtp","wlfresh","lnyear","lninc","sagulf","nema","nmw","local","prov","reg","cult","forest","q0","q1","volunt","lumpsum","ce","nrev","median","canada","q01","q_percent","lnwtp2","q_change","us"
"1",126,1261,6.224336334,1,1.415,11.30958454,0,0,0,1,0,1,0,0,988.422,1976.843,0,0,1,1,0,1,1482.6325,0.99999898828638,-0.671772386347675,988.421,0
"2",126,1262,6.263901934,1,1.415,11.30958454,0,0,0,1,0,1,0,0,988.422,1976.843,0,0,0,1,0,1,1482.6325,0.99999898828638,-0.632206786347676,988.421,0
"3",127,1271,5.631679181,1,1.342,11.36093911,0,0,0,1,0,1,0,0,11.997,14.52,0,0,0,1,0,1,13.2585,0.210302575643911,4.70623051134108,2.523,0
"4",128,1281,5.764055812,1,1.342,11.33738089,0,0,0,0,0,1,0,0,949.184,1044.102,0,0,0,1,0,1,996.643,0.0999995785853955,1.21104245102947,94.9180000000001,0
"5",128,1282,5.789734595,1,1.322,11.33738089,0,0,0,0,0,1,0,0,949.184,1084.782,0,0,0,1,0,1,1016.983,0.142857443867575,0.880039968865013,135.598,0
"6",128,1283,5.815704776,1,1.322,11.33738089,0,0,0,0,0,1,0,0,949.184,1125.461,0,0,0,1,0,1,1037.3225,0.185714255613243,0.643648154550878,176.277,0
"7",128,1284,5.865422667,1,1.322,11.33738089,0,0,0,0,0,1,0,0,949.184,1206.82,0,0,0,1,0,1,1078.002,0.27142893264109,0.313874930981345,257.636,0
"8",128,1285,5.956624176,1,1.322,11.33738089,0,0,0,0,0,1,0,0,949.184,1355.977,0,0,0,1,0,1,1152.5805,0.428571278066213,-0.0516802805533949,406.793,0
"9",129,1291,4.682086399,1,1.146,11.48863277,0,0,0,1,1,1,0,0,4.2,8.4,1,1,0,0,0,1,6.3,1,3.24700187371068,4.2,0
"10",130,1301,3.637621922,1,1.301,10.90227951,0,0,0,1,1,0,0,1,0,5.884,0,0,0,1,1,1,2.942,100,1.86538511926081,5.884,0
"11",130,1302,3.156330333,1,1.301,10.90227951,0,0,0,1,1,0,0,1,0,11.3,0,0,0,1,1,1,5.65,100,0.731527607281705,11.3,0
"12",130,1303,3.39889197,1,1.301,10.90227951,0,0,0,1,1,0,0,1,0,7.408,0,0,0,1,1,1,3.704,100,1.39633147265612,7.408,0
"13",130,1304,2.873110256,1,1.301,10.90227951,0,0,0,1,1,0,0,1,0,14.318,0,0,0,1,1,1,7.159,100,0.211592769026007,14.318,0
"14",131,1311,2.575884178,1,7.606884531,11.48863277,0,0,0,0,1,1,1,1,1307.159,1413.412,0,0,1,1,0,1,1360.2855,0.0812854442344044,-2.08993886470004,106.253,0
"15",131,1312,3.278461347,1,7.606884531,11.48863277,0,0,0,0,1,1,1,1,1307.159,1616.034,0,0,1,1,0,1,1461.5965,0.236294896030246,-2.45447531730877,308.875,0
