y_prep_nonlinfresh_sk,wtp_ypred,q1,q0
3.2288106131059355,24.24960755201015,48.826,46.432
3.2367384632970597,24.450578238217286,76.681,73.98
3.239184202934699,24.512899906436967,143.186,135.595
3.253795147522579,24.888404028017284,81.565,78.267
3.244258484276922,24.642688551982832,190.436,184.532
3.241498234023025,24.572005910164105,34.124,33.103
3.219536231203849,24.016515611298125,240.073,231.706
3.2279212530693306,24.22716154288468,209.561,200.913
3.2454291002930207,24.672723870380107,21.228,20.3
3.232375276380078,24.33977451268599,38.324,37.229
3.220812550601124,24.04846505993845,172.663,165.72
3.2285133269293707,24.242102308379117,375.054,358.848
3.2361575306324006,24.43579745971845,71.27,67.961
3.2579596124953967,24.996440180042452,59.432,57.188
3.2451239471835844,24.664890954043535,136.64,131.632
3.2398889693471227,24.530886878937086,108.427,103.717
3.2461680089727456,24.691700679081023,112.99,109.647
3.2286815719578517,24.24634952387734,288.8,275.899
3.2400929387377277,24.536094929498784,159.056,153.956
3.226452396330711,24.190133657642974,247.648,237.024
3.2399641465229245,24.532806291055447,59.231,56.992
